  -70.000000   -9.519000
  -69.865000  -10.737618
  -69.730000  -11.825059
  -69.595000  -12.790934
  -69.460000  -13.644859
  -69.325000  -14.396444
  -69.190000  -15.055305
  -69.055000  -15.631052
  -68.920000  -16.133301
  -68.785000  -16.571662
  -68.650000  -16.955751
  -68.515000  -17.295179
  -68.380000  -17.599559
  -68.245000  -17.878506
  -68.110000  -18.141631
  -67.975000  -18.398536
  -67.840000  -18.655792
  -67.705000  -18.912925
  -67.570000  -19.168458
  -67.435000  -19.420915
  -67.300000  -19.668822
  -67.165000  -19.910703
  -67.030000  -20.145083
  -66.895000  -20.370664
  -66.760000  -20.587572
  -66.625000  -20.796607
  -66.490000  -20.998578
  -66.355000  -21.194288
  -66.220000  -21.384546
  -66.085000  -21.570156
  -65.950000  -21.751918
  -65.815000  -21.930311
  -65.680000  -22.105360
  -65.545000  -22.277059
  -65.410000  -22.445400
  -65.275000  -22.610376
  -65.140000  -22.771980
  -65.005000  -22.930205
  -64.870000  -23.085065
  -64.735000  -23.236671
  -64.600000  -23.385160
  -64.465000  -23.530672
  -64.330000  -23.673344
  -64.195000  -23.813313
  -64.060000  -23.950718
  -63.925000  -24.085693
  -63.790000  -24.218301
  -63.655000  -24.348548
  -63.520000  -24.476433
  -63.385000  -24.601959
  -63.250000  -24.725128
  -63.115000  -24.845942
  -62.980000  -24.964401
  -62.845000  -25.080483
  -62.710000  -25.194096
  -62.575000  -25.305142
  -62.440000  -25.413518
  -62.305000  -25.519126
  -62.170000  -25.621864
  -62.035000  -25.721631
  -61.900000  -25.818344
  -61.765000  -25.912048
  -61.630000  -26.002865
  -61.495000  -26.090913
  -61.360000  -26.176311
  -61.225000  -26.259180
  -61.090000  -26.339640
  -60.955000  -26.417809
  -60.820000  -26.493769
  -60.685000  -26.567546
  -60.550000  -26.639161
  -60.415000  -26.708634
  -60.280000  -26.775984
  -60.145000  -26.841234
  -60.010000  -26.904403
  -59.875000  -26.965514
  -59.740000  -27.024597
  -59.605000  -27.081689
  -59.470000  -27.136824
  -59.335000  -27.190036
  -59.200000  -27.241360
  -59.065000  -27.290831
  -58.930000  -27.338483
  -58.795000  -27.384343
  -58.660000  -27.428428
  -58.525000  -27.470756
  -58.390000  -27.511345
  -58.255000  -27.550214
  -58.120000  -27.587379
  -57.985000  -27.622860
  -57.850000  -27.656672
  -57.715000  -27.688828
  -57.580000  -27.719339
  -57.445000  -27.748219
  -57.310000  -27.775477
  -57.175000  -27.801126
  -57.040000  -27.825178
  -56.905000  -27.847645
  -56.770000  -27.868536
  -56.635000  -27.887859
  -56.500000  -27.905625
  -56.365000  -27.921842
  -56.230000  -27.936518
  -56.095000  -27.949663
  -55.960000  -27.961285
  -55.825000  -27.971390
  -55.690000  -27.979974
  -55.555000  -27.987036
  -55.420000  -27.992571
  -55.285000  -27.996577
  -55.150000  -27.999051
  -55.015000  -27.999991
  -54.880000  -27.999393
  -54.745000  -27.997259
  -54.610000  -27.993593
  -54.475000  -27.988397
  -54.340000  -27.981674
  -54.205000  -27.973428
  -54.070000  -27.963662
  -53.935000  -27.952377
  -53.800000  -27.939572
  -53.665000  -27.925238
  -53.530000  -27.909365
  -53.395000  -27.891944
  -53.260000  -27.872967
  -53.125000  -27.852425
  -52.990000  -27.830307
  -52.855000  -27.806606
  -52.720000  -27.781310
  -52.585000  -27.754408
  -52.450000  -27.725888
  -52.315000  -27.695740
  -52.180000  -27.663953
  -52.045000  -27.630515
  -51.910000  -27.595414
  -51.775000  -27.558635
  -51.640000  -27.520156
  -51.505000  -27.479958
  -51.370000  -27.438021
  -51.235000  -27.394323
  -51.100000  -27.348846
  -50.965000  -27.301569
  -50.830000  -27.252469
  -50.695000  -27.201522
  -50.560000  -27.148700
  -50.425000  -27.093977
  -50.290000  -27.037328
  -50.155000  -26.978726
  -50.020000  -26.918145
  -49.885000  -26.855572
  -49.750000  -26.791085
  -49.615000  -26.724792
  -49.480000  -26.656805
  -49.345000  -26.587233
  -49.210000  -26.516187
  -49.075000  -26.443777
  -48.940000  -26.370111
  -48.805000  -26.295227
  -48.670000  -26.219086
  -48.535000  -26.141640
  -48.400000  -26.062843
  -48.265000  -25.982651
  -48.130000  -25.901016
  -47.995000  -25.817894
  -47.860000  -25.733244
  -47.725000  -25.647046
  -47.590000  -25.559285
  -47.455000  -25.469944
  -47.320000  -25.379009
  -47.185000  -25.286464
  -47.050000  -25.192294
  -46.915000  -25.096481
  -46.780000  -24.998997
  -46.645000  -24.899801
  -46.510000  -24.798853
  -46.375000  -24.696115
  -46.240000  -24.591545
  -46.105000  -24.485105
  -45.970000  -24.376755
  -45.835000  -24.266452
  -45.700000  -24.154151
  -45.565000  -24.039804
  -45.430000  -23.923365
  -45.295000  -23.804787
  -45.160000  -23.684023
  -45.025000  -23.561026
  -44.890000  -23.435748
  -44.755000  -23.308126
  -44.620000  -23.178092
  -44.485000  -23.045578
  -44.350000  -22.910515
  -44.215000  -22.772836
  -44.080000  -22.632473
  -43.945000  -22.489356
  -43.810000  -22.343401
  -43.675000  -22.194499
  -43.540000  -22.042543
  -43.405000  -21.887424
  -43.270000  -21.729033
  -43.135000  -21.567261
  -43.000000  -21.402000
  -42.865000  -21.233125
  -42.730000  -21.060447
  -42.595000  -20.883759
  -42.460000  -20.702855
  -42.325000  -20.517530
  -42.190000  -20.327577
  -42.055000  -20.132791
  -41.920000  -19.932960
  -41.785000  -19.727795
  -41.650000  -19.516947
  -41.515000  -19.300064
  -41.380000  -19.076793
  -41.245000  -18.846782
  -41.110000  -18.609681
  -40.975000  -18.365136
  -40.840000  -18.112572
  -40.705000  -17.850902
  -40.570000  -17.578964
  -40.435000  -17.295594
  -40.300000  -16.999633
  -40.165000  -16.689916
  -40.030000  -16.365283
  -39.895000  -16.024921
  -39.760000  -15.670787
  -39.625000  -15.306160
  -39.490000  -14.934327
  -39.355000  -14.558577
  -39.220000  -14.182194
  -39.085000  -13.808468
  -38.950000  -13.440668
  -38.815000  -13.081280
  -38.680000  -12.731685
  -38.545000  -12.393182
  -38.410000  -12.067071
  -38.275000  -11.754651
  -38.140000  -11.457222
  -38.005000  -11.176083
  -37.870000  -10.912087
  -37.735000  -10.664097
  -37.600000  -10.430420
  -37.465000  -10.209362
  -37.330000   -9.999229
  -37.195000   -9.798327
  -37.060000   -9.604963
  -36.925000   -9.417490
  -36.790000   -9.235098
  -36.655000   -9.057704
  -36.520000   -8.885247
  -36.385000   -8.717667
  -36.250000   -8.554903
  -36.115000   -8.396894
  -35.980000   -8.243581
  -35.845000   -8.094866
  -35.710000   -7.950559
  -35.575000   -7.810456
  -35.440000   -7.674350
  -35.305000   -7.542038
  -35.170000   -7.413312
  -35.035000   -7.287969
  -34.900000   -7.165812
  -34.765000   -7.046722
  -34.630000   -6.930618
  -34.495000   -6.817424
  -34.360000   -6.707061
  -34.225000   -6.599449
  -34.090000   -6.494512
  -33.955000   -6.392170
  -33.820000   -6.292353
  -33.685000   -6.195003
  -33.550000   -6.100064
  -33.415000   -6.007478
  -33.280000   -5.917190
  -33.145000   -5.829141
  -33.010000   -5.743275
  -32.875000   -5.659539
  -32.740000   -5.577893
  -32.605000   -5.498305
  -32.470000   -5.420739
  -32.335000   -5.345164
  -32.200000   -5.271544
  -32.065000   -5.199846
  -31.930000   -5.130036
  -31.795000   -5.062083
  -31.660000   -4.995958
  -31.525000   -4.931630
  -31.390000   -4.869069
  -31.255000   -4.808248
  -31.120000   -4.749134
  -30.985000   -4.691700
  -30.850000   -4.635917
  -30.715000   -4.581759
  -30.580000   -4.529200
  -30.445000   -4.478217
  -30.310000   -4.428784
  -30.175000   -4.380875
  -30.040000   -4.334466
  -29.905000   -4.289535
  -29.770000   -4.246091
  -29.635000   -4.204158
  -29.500000   -4.163765
  -29.365000   -4.124936
  -29.230000   -4.087700
  -29.095000   -4.052081
  -28.960000   -4.018105
  -28.825000   -3.985716
  -28.690000   -3.954713
  -28.555000   -3.924882
  -28.420000   -3.896011
  -28.285000   -3.867886
  -28.150000   -3.840294
  -28.015000   -3.813020
  -27.880000   -3.785875
  -27.745000   -3.758800
  -27.610000   -3.731780
  -27.475000   -3.704801
  -27.340000   -3.677850
  -27.205000   -3.650912
  -27.070000   -3.623973
  -26.935000   -3.597020
  -26.800000   -3.570047
  -26.665000   -3.543058
  -26.530000   -3.516057
  -26.395000   -3.489046
  -26.260000   -3.462031
  -26.125000   -3.435014
  -25.990000   -3.407999
  -25.855000   -3.380990
  -25.720000   -3.353985
  -25.585000   -3.326984
  -25.450000   -3.299986
  -25.315000   -3.272990
  -25.180000   -3.245995
  -25.045000   -3.218999
  -24.910000   -3.192002
  -24.775000   -3.165004
  -24.640000   -3.138004
  -24.505000   -3.111004
  -24.370000   -3.084003
  -24.235000   -3.057002
  -24.100000   -3.030001
  -23.965000   -3.003000
  -23.830000   -2.975999
  -23.695000   -2.948999
  -23.560000   -2.921999
  -23.425000   -2.894999
  -23.290000   -2.867999
  -23.155000   -2.841000
  -23.020000   -2.814000
  -22.885000   -2.787000
  -22.750000   -2.760000
  -22.615000   -2.733000
  -22.480000   -2.706000
  -22.345000   -2.679000
  -22.210000   -2.652000
  -22.075000   -2.625000
  -21.940000   -2.598000
  -21.805000   -2.571000
  -21.670000   -2.544000
  -21.535000   -2.517000
  -21.400000   -2.490000
  -21.265000   -2.463000
  -21.130000   -2.436000
  -20.995000   -2.409000
  -20.860000   -2.382000
  -20.725000   -2.355000
  -20.590000   -2.328000
  -20.455000   -2.301000
  -20.320000   -2.274000
  -20.185000   -2.247000
  -20.050000   -2.220000
  -19.915000   -2.193000
  -19.780000   -2.166000
  -19.645000   -2.139000
  -19.510000   -2.112000
  -19.375000   -2.085000
  -19.240000   -2.058000
  -19.105000   -2.031000
  -18.970000   -2.004000
  -18.835000   -1.977000
  -18.700000   -1.950000
  -18.565000   -1.923000
  -18.430000   -1.896000
  -18.295000   -1.869000
  -18.160000   -1.842000
  -18.025000   -1.815000
  -17.890000   -1.788000
  -17.755000   -1.761000
  -17.620000   -1.734000
  -17.485000   -1.707000
  -17.350000   -1.680000
  -17.215000   -1.653000
  -17.080000   -1.626000
  -16.945000   -1.599000
  -16.810000   -1.572000
  -16.675000   -1.545000
  -16.540000   -1.518000
  -16.405000   -1.491000
  -16.270000   -1.464000
  -16.135000   -1.437000
  -16.000000   -1.410000
  -15.865000   -1.383000
  -15.730000   -1.355999
  -15.595000   -1.328999
  -15.460000   -1.301998
  -15.325000   -1.274998
  -15.190000   -1.247999
  -15.055000   -1.221000
  -14.920000   -1.194001
  -14.785000   -1.167003
  -14.650000   -1.140004
  -14.515000   -1.113006
  -14.380000   -1.086006
  -14.245000   -1.059006
  -14.110000   -1.032003
  -13.975000   -1.004999
  -13.840000   -0.977993
  -13.705000   -0.950986
  -13.570000   -0.923980
  -13.435000   -0.896977
  -13.300000   -0.869977
  -13.165000   -0.842983
  -13.030000   -0.815996
  -12.895000   -0.789017
  -12.760000   -0.762041
  -12.625000   -0.735065
  -12.490000   -0.708082
  -12.355000   -0.681087
  -12.220000   -0.654074
  -12.085000   -0.627037
  -11.950000   -0.599972
  -11.815000   -0.572884
  -11.680000   -0.545791
  -11.545000   -0.518715
  -11.410000   -0.491676
  -11.275000   -0.464695
  -11.140000   -0.437793
  -11.005000   -0.410991
  -10.870000   -0.384381
  -10.735000   -0.358387
  -10.600000   -0.333521
  -10.465000   -0.310297
  -10.330000   -0.289228
  -10.195000   -0.270827
  -10.060000   -0.255608
   -9.925000   -0.244051
   -9.790000   -0.236026
   -9.655000   -0.230879
   -9.520000   -0.227940
   -9.385000   -0.226536
   -9.250000   -0.225996
   -9.115000   -0.225648
   -8.980000   -0.224822
   -8.845000   -0.223058
   -8.710000   -0.220451
   -8.575000   -0.217178
   -8.440000   -0.213421
   -8.305000   -0.209359
   -8.170000   -0.205172
   -8.035000   -0.201040
   -7.900000   -0.197128
   -7.765000   -0.193461
   -7.630000   -0.189992
   -7.495000   -0.186672
   -7.360000   -0.183454
   -7.225000   -0.180288
   -7.090000   -0.177128
   -6.955000   -0.173925
   -6.820000   -0.170653
   -6.685000   -0.167323
   -6.550000   -0.163948
   -6.415000   -0.160541
   -6.280000   -0.157114
   -6.145000   -0.153680
   -6.010000   -0.150253
   -5.875000   -0.146843
   -5.740000   -0.143450
   -5.605000   -0.140071
   -5.470000   -0.136701
   -5.335000   -0.133338
   -5.200000   -0.129979
   -5.065000   -0.126619
   -4.930000   -0.123255
   -4.795000   -0.119887
   -4.660000   -0.116514
   -4.525000   -0.113139
   -4.390000   -0.109761
   -4.255000   -0.106382
   -4.120000   -0.103003
   -3.985000   -0.099625
   -3.850000   -0.096247
   -3.715000   -0.092871
   -3.580000   -0.089496
   -3.445000   -0.086122
   -3.310000   -0.082748
   -3.175000   -0.079374
   -3.040000   -0.076000
   -2.905000   -0.072625
   -2.770000   -0.069251
   -2.635000   -0.065876
   -2.5000000   -0.0625010
   -2.3650000   -0.0591258
   -2.2300000   -0.0557505
   -2.0950000   -0.0523752
   -1.9600000   -0.0489999
   -1.8250000   -0.0456248
   -1.6900000   -0.0422497
   -1.5550000   -0.0388747
   -1.4200000   -0.0354998
   -1.2850000   -0.0321248
   -1.1500000   -0.0287499
   -1.0150000   -0.0253750
   -0.8800000   -0.0220000
   -0.7450000   -0.0186251
   -0.6100000   -0.0152501
   -0.4750000   -0.0118751
   -0.3400000   -0.0085001
   -0.2050000   -0.0051250
   -0.0700000   -0.0017500
    0.0650000    0.0016250
    0.2000000    0.0050000
    0.3350000    0.0083750
    0.4700000    0.0117500
    0.6050000    0.0151250
    0.7400000    0.0185000
    0.8750000    0.0218750
    1.0100000    0.0252500
    1.1450000    0.0286250
    1.2800000    0.0320000
    1.4150000    0.0353750
    1.5500000    0.0387500
    1.6850000    0.0421250
    1.8200000    0.0455000
    1.9550000    0.0488750
    2.0900000    0.0522500
    2.2250000    0.0556250
    2.3600000    0.0590000
    2.4950000    0.0623750
    2.6300000    0.0657500
    2.7650000    0.0691250
    2.9000000    0.0725000
    3.0350000    0.0758750
    3.1700000    0.0792500
    3.3050000    0.0826250
    3.4400000    0.0860000
    3.5750000    0.0893750
    3.7100000    0.0927500
    3.8450000    0.0961250
    3.9800000    0.0995000
    4.1150000    0.1028750
    4.2500000    0.1062500
    4.3850000    0.1096250
    4.5200000    0.1130000
    4.6550000    0.1163750
    4.7900000    0.1197500
    4.9250000    0.1231250
    5.0600000    0.1265000
    5.1950000    0.1298750
    5.3300000    0.1332500
    5.4650000    0.1366250
    5.6000000    0.1400000
    5.7350000    0.1433750
    5.8700000    0.1467500
    6.0050000    0.1501250
    6.1400000    0.1535000
    6.2750000    0.1568750
    6.4100000    0.1602500
    6.5450000    0.1636250
    6.6800000    0.1670000
    6.8150000    0.1703750
    6.9500000    0.1737500
    7.0850000    0.1771250
    7.2200000    0.1805000
    7.3550000    0.1838750
    7.4900000    0.1872500
    7.6250000    0.1906250
    7.7600000    0.1940000
    7.8950000    0.1973750
    8.0300000    0.2007500
    8.1650000    0.2041250
    8.3000000    0.2075000
    8.4350000    0.2108750
    8.5700000    0.2142500
    8.7050000    0.2176250
    8.8400000    0.2210000
    8.9750000    0.2243750
    9.1100000    0.2277500
    9.2450000    0.2311250
    9.3800000    0.2345000
    9.5150000    0.2378750
    9.6500000    0.2412500
    9.7850000    0.2446250
    9.9200000    0.2480000
   10.0550000    0.2513750
   10.1900000    0.2547500
   10.3250000    0.2581250
   10.4600000    0.2615000
   10.5950000    0.2648750
   10.7300000    0.2682500
   10.8650000    0.2716250
   11.0000000    0.2750000
   11.1350000    0.2783750
   11.2700000    0.2817500
   11.4050000    0.2851250
   11.5400000    0.2885000
   11.6750000    0.2918750
   11.8100000    0.2952500
   11.9450000    0.2986250
   12.0800000    0.3020000
   12.2150000    0.3053750
   12.3500000    0.3087500
   12.4850000    0.3121250
   12.6200000    0.3155000
   12.7550000    0.3188750
   12.8900000    0.3222500
   13.0250000    0.3256250
   13.1600000    0.3290000
   13.2950000    0.3323750
   13.4300000    0.3357500
   13.5650000    0.3391250
   13.7000000    0.3425000
   13.8350000    0.3458750
   13.9700000    0.3492500
   14.1050000    0.3526250
   14.2400000    0.3560000
   14.3750000    0.3593750
   14.5100000    0.3627500
   14.6450000    0.3661250
   14.7800000    0.3695000
   14.9150000    0.3728750
   15.0500000    0.3762500
   15.1850000    0.3796250
   15.3200000    0.3830000
   15.4550000    0.3863750
   15.5900000    0.3897500
   15.7250000    0.3931250
   15.8600000    0.3965000
   15.9950000    0.3998750
   16.1300000    0.4032500
   16.2650000    0.4066250
   16.4000000    0.4100000
   16.5350000    0.4133750
   16.6700000    0.4167500
   16.8050000    0.4201250
   16.9400000    0.4235000
   17.0750000    0.4268750
   17.2100000    0.4302500
   17.3450000    0.4336250
   17.4800000    0.4370000
   17.6150000    0.4403750
   17.7500000    0.4437500
   17.8850000    0.4471250
   18.0200000    0.4505000
   18.1550000    0.4538750
   18.2900000    0.4572500
   18.4250000    0.4606250
   18.5600000    0.4640000
   18.6950000    0.4673750
   18.8300000    0.4707500
   18.9650000    0.4741250
   19.1000000    0.4775000
   19.2350000    0.4808750
   19.3700000    0.4842500
   19.5050000    0.4876250
   19.6400000    0.4910000
   19.7750000    0.4943750
   19.9100000    0.4977500
   20.0450000    0.5011250
   20.1800000    0.5045000
   20.3150000    0.5078750
   20.4500000    0.5112500
   20.5850000    0.5146250
   20.7200000    0.5180000
   20.8550000    0.5213750
   20.9900000    0.5247500
   21.1250000    0.5281250
   21.2600000    0.5315000
   21.3950000    0.5348749
   21.5300000    0.5382499
   21.6650000    0.5416249
   21.8000000    0.5449999
   21.9350000    0.5483750
   22.0700000    0.5517500
   22.2050000    0.5551251
   22.3400000    0.5585002
   22.4750000    0.5618753
   22.6100000    0.5652504
   22.7450000    0.5686253
   22.8800000    0.5720002
   23.0150000    0.5753750
   23.1500000    0.5787496
   23.2850000    0.5821242
   23.4200000    0.5854989
   23.5550000    0.5888737
   23.6900000    0.5922487
   23.8250000    0.5956240
   23.9600000    0.5989997
   24.0950000    0.6023758
   24.2300000    0.6057523
   24.3650000    0.6091286
   24.5000000    0.6125046
   24.6350000    0.6158800
   24.7700000    0.6192543
   24.9050000    0.6226273
   25.0400000    0.6259988
   25.1750000    0.6293688
   25.3100000    0.6327384
   25.4450000    0.6361090
   25.5800000    0.6394816
   25.7150000    0.6428574
   25.8500000    0.6462376
   25.9850000    0.6496234
   26.1200000    0.6530153
   26.2550000    0.6564102
   26.3900000    0.6598036
   26.5250000    0.6631912
   26.6600000    0.6665686
   26.7950000    0.6699314
   26.9300000    0.6732752
   27.0650000    0.6765959
   27.2000000    0.6798992
   27.3350000    0.6832012
   27.4700000    0.6865183
   27.6050000    0.6898668
   27.7400000    0.6932632
   27.8750000    0.6967240
   28.0100000    0.7002655
   28.1450000    0.7038881
   28.2800000    0.7075408
   28.4150000    0.7111624
   28.5500000    0.7146915
   28.6850000    0.7180668
   28.8200000    0.7212270
   28.9550000    0.7241108
   29.0900000    0.7266712
   29.2250000    0.7290278
   29.3600000    0.7314075
   29.4950000    0.7340393
   29.6300000    0.7371518
   29.7650000    0.7409738
   29.9000000    0.7457341
   30.0350000    0.7516602
   30.1700000    0.7588309
   30.3050000    0.7670438
   30.4400000    0.7760649
   30.5750000    0.7856605
   30.7100000    0.7955968
   30.8450000    0.8056399
   30.9800000    0.8155560
   31.1150000    0.8251427
   31.2500000    0.8343953
   31.3850000    0.8433852
   31.5200000    0.8521843
   31.6550000    0.8608642
   31.7900000    0.8694967
   31.9250000    0.8781537
   32.0600000    0.8869053
   32.1950000    0.8957797
   32.3300000    0.9047559
   32.4650000    0.9138103
   32.6000000    0.9229193
   32.7350000    0.9320593
   32.8700000    0.9412066
   33.0050000    0.9503376
   33.1400000    0.9594346
   33.2750000    0.9685008
   33.4100000    0.9775442
   33.5450000    0.9865730
   33.6800000    0.9955949
   33.8150000    1.0046182
   33.9500000    1.0136507
   34.0850000    1.0226998
   34.2200000    1.0317637
   34.3550000    1.0408341
   34.4900000    1.0499028
   34.6250000    1.0589612
   34.7600000    1.0680011
   34.8950000    1.0770140
   35.0300000    1.0859916
   35.1650000    1.0949312
   35.3000000    1.1038421
   35.4350000    1.1127350
   35.5700000    1.1216208
   35.7050000    1.1305102
   35.8400000    1.1394140
   35.9750000    1.1483429
   36.1100000    1.1573063
   36.2450000    1.1663033
   36.3800000    1.1753289
   36.5150000    1.1843778
   36.6500000    1.1934449
   36.7850000    1.2025250
   36.9200000    1.2116130
   37.0550000    1.2207036
   37.1900000    1.2297918
   37.3250000    1.2388729
   37.4600000    1.2479419
   37.5950000    1.2569939
   37.7300000    1.2660242
   37.8650000    1.2750278
   38.0000000    1.2840000
   38.1350000    1.2929383
   38.2700000    1.3018501
   38.4050000    1.3107451
   38.5400000    1.3196333
   38.6750000    1.3285244
   38.8100000    1.3374282
   38.9450000    1.3463546
   39.0800000    1.3553128
   39.2150000    1.3643043
   39.3500000    1.3733245
   39.4850000    1.3823683
   39.6200000    1.3914310
   39.7550000    1.4005077
   39.8900000    1.4095934
   40.0250000    1.4186834
   40.1600000    1.4277727
   40.2950000    1.4368563
   40.4300000    1.4459290
   40.5650000    1.4549857
   40.7000000    1.4640215
   40.8350000    1.4730311
   40.9700000    1.4820095
   41.1050000    1.4909529
   41.2400000    1.4998670
   41.3750000    1.5087623
   41.5100000    1.5176493
   41.6450000    1.5265383
   41.7800000    1.5354398
   41.9150000    1.5443644
   42.0500000    1.5533222
   42.1850000    1.5623166
   42.3200000    1.5713412
   42.4550000    1.5803888
   42.5900000    1.5894521
   42.7250000    1.5985239
   42.8600000    1.6075971
   42.9950000    1.6166644
   43.1300000    1.6257202
   43.2650000    1.6347662
   43.4000000    1.6438059
   43.5350000    1.6528429
   43.6700000    1.6618808
   43.8050000    1.6709233
   43.9400000    1.6799739
   44.0750000    1.6890360
   44.2100000    1.6981072
   44.3450000    1.7071806
   44.4800000    1.7162489
   44.6150000    1.7253050
   44.7500000    1.7343415
   44.8850000    1.7433514
   45.0200000    1.7523274
   45.1550000    1.7612667
   45.2900000    1.7701780
   45.4250000    1.7790717
   45.5600000    1.7879584
   45.6950000    1.7968483
   45.8300000    1.8057521
   45.9650000    1.8146801
   46.1000000    1.8236417
   46.2350000    1.8326370
   46.3700000    1.8416608
   46.5050000    1.8507081
   46.6400000    1.8597737
   46.7750000    1.8688527
   46.9100000    1.8779398
   47.0450000    1.8870301
   47.1800000    1.8961186
   47.3150000    1.9052002
   47.4500000    1.9142702
   47.5850000    1.9233238
   47.7200000    1.9323559
   47.8550000    1.9413618
   47.9900000    1.9503366
   48.1250000    1.9592773
   48.2600000    1.9681907
   48.3950000    1.9770867
   48.5300000    1.9859751
   48.6650000    1.9948656
   48.8000000    2.0037681
   48.9350000    2.0126924
   49.0700000    2.0216480
   49.2050000    2.0306372
   49.3400000    2.0396553
   49.4750000    2.0486975
   49.6100000    2.0577590
   49.7450000    2.0668348
   49.8800000    2.0759201
   50.0150000    2.0850101
   50.1500000    2.0940998
   50.2850000    2.1031841
   50.4200000    2.1122579
   50.5550000    2.1213161
   50.6900000    2.1303535
   50.8250000    2.1393652
   50.9600000    2.1483458
   51.0950000    2.1572912
   51.2300000    2.1662065
   51.3650000    2.1751023
   51.5000000    2.1839891
   51.6350000    2.1928774
   51.7700000    2.2017780
   51.9050000    2.2107013
   52.0400000    2.2196579
   52.1750000    2.2286519
   52.3100000    2.2376768
   52.4450000    2.2467248
   52.5800000    2.2557881
   52.7150000    2.2648593
   52.8500000    2.2739304
   52.9850000    2.2829938
   53.1200000    2.2920433
   53.2550000    2.3010815
   53.3900000    2.3101137
   53.5250000    2.3191454
   53.6600000    2.3281822
   53.7950000    2.3372294
   53.9300000    2.3462925
   54.0650000    2.3553767
   54.2000000    2.3644778
   54.3350000    2.3735822
   54.4700000    2.3826757
   54.6050000    2.3917441
   54.7400000    2.4007733
   54.8750000    2.4097491
   55.0100000    2.4186572
   55.1450000    2.4274941
   55.2800000    2.4362895
   55.4150000    2.4450797
   55.5500000    2.4539012
   55.6850000    2.4627904
   55.8200000    2.4717838
   55.9550000    2.4809178
   56.0900000    2.4902220
   56.2250000    2.4996464
   56.3600000    2.5090900
   56.4950000    2.5184507
   56.6300000    2.5276264
   56.7650000    2.5365151
   56.9000000    2.5450148
   57.0350000    2.5530248
   57.1700000    2.5605918
   57.3050000    2.5680417
   57.4400000    2.5757313
   57.5750000    2.5840176
   57.7100000    2.5932576
   57.8450000    2.6038082
   57.9800000    2.6160264
   58.1150000    2.6300941
   58.2500000    2.6450963
   58.3850000    2.6596935
   58.5200000    2.6725453
   58.6550000    2.6823110
   58.7900000    2.6876504
   58.9250000    2.6872228
   59.0600000    2.6797811
   59.1950000    2.6669071
   59.3300000    2.6534530
   59.4650000    2.6444534
   59.6000000    2.6449426
   59.7350000    2.6599552
   59.8700000    2.6945257
   60.0050000    2.7536884
   60.1400000    2.8406057
   60.2750000    2.9517377
   60.4100000    3.0820453
   60.5450000    3.2264896
   60.6800000    3.3800314
   60.8150000    3.5376319
   60.9500000    3.6942518
   61.0850000    3.8451180
   61.2200000    3.9890015
   61.3550000    4.1271967
   61.4900000    4.2610521
   61.6250000    4.3919161
   61.7600000    4.5211372
   61.8950000    4.6500640
   62.0300000    4.7800417
   62.1650000    4.9119098
   62.3000000    5.0454471
   62.4350000    5.1802987
   62.5700000    5.3161098
   62.7050000    5.4525254
   62.8400000    5.5891908
   62.9750000    5.7257510
   63.1100000    5.8618896
   63.2450000    5.9975607
   63.3800000    6.1328350
   63.5150000    6.2677832
   63.6500000    6.4024766
   63.7850000    6.5369859
   63.9200000    6.6713822
   64.0550000    6.8057364
   64.1900000    6.9401195
   64.3250000    7.0746025
   64.4600000    7.2092564
   64.5950000    7.3441521
   64.7300000    7.4793607
   64.8650000    7.6149530
   65.0000000    7.7510000